599469
599671
601127
613538
620434
622236
623844
627549
638049
644044
645551
654754
665254
672756
673455
677968
679568
680957
683256
685058
687163
690152
695768
702133
704238
705341
709551
715041
715647
729254
729557
732243
734045
742549
748258
748662
749361
751348
753251
756055
759869
761957
765056
770352
771354
779370
782561
784565
786569
789373
792564
792766
802844
814649
816653
826353
826454
833148
833249
837560
837964
845458
849971
856766
857263
859671
861456
865363
871762
871964
872158
872764
877168
877269
887373
889579
894673
896778
896879
898176
899885
901038
901139
901442
904044
907656
910241
912447
917255
922854
930449
932554
951457
957974
958976
959574
965367
965771
978578
979984
983773
984472
987983
991267
992774
